File_Name;Year;Month;Day;Start_Time;Duration;End_Time
CAM10_20180830120000_-1886257415.avi;2018;08;30;12:00:00;00:02:15;12:02:15
CAM10_20180830120215_-1886241721.avi;2018;08;30;12:02:15;00:38:30;12:40:45
CAM10_20180830124045_-1885823062.avi;2018;08;30;12:40:45;00:38:25;13:19:10
CAM10_20180830131910_-1885420719.avi;2018;08;30;13:19:10;00:38:26;13:57:36
CAM10_20180830135736_-1885006942.avi;2018;08;30;13:57:36;00:38:25;14:36:01
CAM10_20180830143601_-1884598641.avi;2018;08;30;14:36:01;00:38:27;15:14:28
CAM10_20180830151428_-1884200152.avi;2018;08;30;15:14:28;00:38:27;15:52:55
CAM10_20180830155255_-1883798418.avi;2018;08;30;15:52:55;00:38:25;16:31:20
CAM10_20180830163120_-1883334705.avi;2018;08;30;16:31:20;00:38:25;17:09:45